41 36 2 0 6 2 5 109 83 13 14 173 174 175 176 92 91 177 178 179 180
42 36 2 0 6 83 109 110 84 176 175 181 182 183 184 94 93 185 186 187 188
43 36 2 0 6 84 110 111 85 184 183 189 190 191 192 96 95 193 194 195 196
44 36 2 0 6 85 111 112 86 192 191 197 198 199 200 98 97 201 202 203 204
45 36 2 0 6 86 112 113 87 200 199 205 206 207 208 100 99 209 210 211 212
46 36 2 0 6 87 113 114 88 208 207 213 214 215 216 102 101 217 218 219 220
47 36 2 0 6 88 114 115 89 216 215 221 222 223 224 104 103 225 226 227 228
48 36 2 0 6 89 115 116 90 224 223 229 230 231 232 106 105 233 234 235 236
49 36 2 0 6 90 116 57 3 232 231 237 238 66 65 108 107 239 240 241 242
50 36 2 0 6 5 6 117 109 15 16 243 244 245 246 174 173 247 248 249 250
51 36 2 0 6 109 117 118 110 246 245 251 252 253 254 182 181 255 256 257 258
52 36 2 0 6 110 118 119 111 254 253 259 260 261 262 190 189 263 264 265 266
53 36 2 0 6 111 119 120 112 262 261 267 268 269 270 198 197 271 272 273 274
54 36 2 0 6 112 120 121 113 270 269 275 276 277 278 206 205 279 280 281 282
55 36 2 0 6 113 121 122 114 278 277 283 284 285 286 214 213 287 288 289 290
56 36 2 0 6 114 122 123 115 286 285 291 292 293 294 222 221 295 296 297 298
57 36 2 0 6 115 123 124 116 294 293 299 300 301 302 230 229 303 304 305 306
58 36 2 0 6 116 124 58 57 302 301 307 308 68 67 238 237 309 310 311 312
59 36 2 0 6 6 7 125 117 17 18 313 314 315 316 244 243 317 318 319 320
60 36 2 0 6 117 125 126 118 316 315 321 322 323 324 252 251 325 326 327 328
61 36 2 0 6 118 126 127 119 324 323 329 330 331 332 260 259 333 334 335 336
62 36 2 0 6 119 127 128 120 332 331 337 338 339 340 268 267 341 342 343 344
63 36 2 0 6 120 128 129 121 340 339 345 346 347 348 276 275 349 350 351 352
64 36 2 0 6 121 129 130 122 348 347 353 354 355 356 284 283 357 358 359 360
65 36 2 0 6 122 130 131 123 356 355 361 362 363 364 292 291 365 366 367 368
66 36 2 0 6 123 131 132 124 364 363 369 370 371 372 300 299 373 374 375 376
67 36 2 0 6 124 132 59 58 372 371 377 378 70 69 308 307 379 380 381 382
68 36 2 0 6 7 8 133 125 19 20 383 384 385 386 314 313 387 388 389 390
69 36 2 0 6 125 133 134 126 386 385 391 392 393 394 322 321 395 396 397 398
70 36 2 0 6 126 134 135 127 394 393 399 400 401 402 330 329 403 404 405 406
71 36 2 0 6 127 135 136 128 402 401 407 408 409 410 338 337 411 412 413 414
72 36 2 0 6 128 136 137 129 410 409 415 416 417 418 346 345 419 420 421 422
73 36 2 0 6 129 137 138 130 418 417 423 424 425 426 354 353 427 428 429 430
74 36 2 0 6 130 138 139 131 426 425 431 432 433 434 362 361 435 436 437 438
75 36 2 0 6 131 139 140 132 434 433 439 440 441 442 370 369 443 444 445 446
76 36 2 0 6 132 140 60 59 442 441 447 448 72 71 378 377 449 450 451 452
77 36 2 0 6 8 9 141 133 21 22 453 454 455 456 384 383 457 458 459 460
78 36 2 0 6 133 141 142 134 456 455 461 462 463 464 392 391 465 466 467 468
79 36 2 0 6 134 142 143 135 464 463 469 470 471 472 400 399 473 474 475 476
80 36 2 0 6 135 143 144 136 472 471 477 478 479 480 408 407 481 482 483 484
81 36 2 0 6 136 144 145 137 480 479 485 486 487 488 416 415 489 490 491 492
82 36 2 0 6 137 145 146 138 488 487 493 494 495 496 424 423 497 498 499 500
83 36 2 0 6 138 146 147 139 496 495 501 502 503 504 432 431 505 506 507 508
84 36 2 0 6 139 147 148 140 504 503 509 510 511 512 440 439 513 514 515 516
85 36 2 0 6 140 148 61 60 512 511 517 518 74 73 448 447 519 520 521 522
86 36 2 0 6 9 10 149 141 23 24 523 524 525 526 454 453 527 528 529 530
87 36 2 0 6 141 149 150 142 526 525 531 532 533 534 462 461 535 536 537 538
88 36 2 0 6 142 150 151 143 534 533 539 540 541 542 470 469 543 544 545 546
89 36 2 0 6 143 151 152 144 542 541 547 548 549 550 478 477 551 552 553 554
90 36 2 0 6 144 152 153 145 550 549 555 556 557 558 486 485 559 560 561 562
91 36 2 0 6 145 153 154 146 558 557 563 564 565 566 494 493 567 568 569 570
92 36 2 0 6 146 154 155 147 566 565 571 572 573 574 502 501 575 576 577 578
93 36 2 0 6 147 155 156 148 574 573 579 580 581 582 510 509 583 584 585 586
94 36 2 0 6 148 156 62 61 582 581 587 588 76 75 518 517 589 590 591 592
95 36 2 0 6 10 11 157 149 25 26 593 594 595 596 524 523 597 598 599 600
96 36 2 0 6 149 157 158 150 596 595 601 602 603 604 532 531 605 606 607 608
97 36 2 0 6 150 158 159 151 604 603 609 610 611 612 540 539 613 614 615 616
98 36 2 0 6 151 159 160 152 612 611 617 618 619 620 548 547 621 622 623 624
99 36 2 0 6 152 160 161 153 620 619 625 626 627 628 556 555 629 630 631 632
100 36 2 0 6 153 161 162 154 628 627 633 634 635 636 564 563 637 638 639 640
101 36 2 0 6 154 162 163 155 636 635 641 642 643 644 572 571 645 646 647 648
102 36 2 0 6 155 163 164 156 644 643 649 650 651 652 580 579 653 654 655 656
103 36 2 0 6 156 164 63 62 652 651 657 658 78 77 588 587 659 660 661 662
104 36 2 0 6 11 12 165 157 27 28 663 664 665 666 594 593 667 668 669 670
105 36 2 0 6 157 165 166 158 666 665 671 672 673 674 602 601 675 676 677 678
106 36 2 0 6 158 166 167 159 674 673 679 680 681 682 610 609 683 684 685 686
107 36 2 0 6 159 167 168 160 682 681 687 688 689 690 618 617 691 692 693 694
108 36 2 0 6 160 168 169 161 690 689 695 696 697 698 626 625 699 700 701 702
109 36 2 0 6 161 169 170 162 698 697 703 704 705 706 634 633 707 708 709 710
110 36 2 0 6 162 170 171 163 706 705 711 712 713 714 642 641 715 716 717 718
111 36 2 0 6 163 171 172 164 714 713 719 720 721 722 650 649 723 724 725 726
112 36 2 0 6 164 172 64 63 722 721 727 728 80 79 658 657 729 730 731 732
113 36 2 0 6 12 1 38 165 29 30 56 55 733 734 664 663 735 736 737 738
114 36 2 0 6 165 38 37 166 734 733 54 53 739 740 672 671 741 742 743 744
115 36 2 0 6 166 37 36 167 740 739 52 51 745 746 680 679 747 748 749 750
116 36 2 0 6 167 36 35 168 746 745 50 49 751 752 688 687 753 754 755 756
117 36 2 0 6 168 35 34 169 752 751 48 47 757 758 696 695 759 760 761 762
118 36 2 0 6 169 34 33 170 758 757 46 45 763 764 704 703 765 766 767 768
119 36 2 0 6 170 33 32 171 764 763 44 43 769 770 712 711 771 772 773 774
120 36 2 0 6 171 32 31 172 770 769 42 41 775 776 720 719 777 778 779 780
121 36 2 0 6 172 31 4 64 776 775 40 39 82 81 728 727 781 782 783 784