1 0 0 0
2 0 1 0
3 2 1 0
4 2 0 0
5 0 0.8888888888884262 0
6 0 0.777777777777932 0
7 0 0.6666666666675918 0
8 0 0.5555555555572513 0
9 0 0.4444444444462943 0
10 0 0.3333333333347207 0
11 0 0.2222222222231471 0
12 0 0.1111111111115736 0
13 0 0.9629629629628088 0
14 0 0.9259259259256175 0
15 0 0.851851851851595 0
16 0 0.8148148148147634 0
17 0 0.7407407407411519 0
18 0 0.7037037037043719 0
19 0 0.6296296296308117 0
20 0 0.5925925925940315 0
21 0 0.5185185185202657 0
22 0 0.48148148148328 0
23 0 0.4074074074091031 0
24 0 0.3703703703719119 0
25 0 0.2962962962975295 0
26 0 0.2592592592603383 0
27 0 0.185185185185956 0
28 0 0.1481481481487648 0
29 0 0.07407407407438241 0
30 0 0.0370370370371912 0
31 1.777777777776852 0 0
32 1.555555555555864 0 0
33 1.333333333335184 0 0
34 1.111111111114503 0 0
35 0.8888888888925886 0 0
36 0.6666666666694414 0 0
37 0.4444444444462943 0 0
38 0.2222222222231471 0 0
39 1.925925925925617 0 0
40 1.851851851851235 0 0
41 1.70370370370319 0 0
42 1.629629629629527 0 0
43 1.481481481482304 0 0
44 1.407407407408744 0 0
45 1.259259259261624 0 0
46 1.185185185188063 0 0
47 1.037037037040532 0 0
48 0.96296296296656 0 0
49 0.8148148148182063 0 0
50 0.7407407407438238 0 0
51 0.592592592595059 0 0
52 0.5185185185206767 0 0
53 0.370370370371912 0 0
54 0.2962962962975295 0 0
55 0.1481481481487648 0 0
56 0.07407407407438238 0 0
57 2 0.8888888888884262 0
58 2 0.777777777777932 0
59 2 0.6666666666675918 0
60 2 0.5555555555572513 0
61 2 0.4444444444462943 0
62 2 0.3333333333347207 0
63 2 0.2222222222231471 0
64 2 0.1111111111115736 0
65 2 0.9629629629628088 0
66 2 0.9259259259256175 0
67 2 0.851851851851595 0
68 2 0.8148148148147634 0
69 2 0.7407407407411519 0
70 2 0.7037037037043719 0
71 2 0.6296296296308117 0
72 2 0.5925925925940315 0
73 2 0.5185185185202657 0
74 2 0.48148148148328 0
75 2 0.4074074074091031 0
76 2 0.3703703703719119 0
77 2 0.2962962962975295 0
78 2 0.2592592592603383 0
79 2 0.185185185185956 0
80 2 0.1481481481487648 0
81 2 0.07407407407438241 0
82 2 0.0370370370371912 0
83 0.2222222222218165 1 0
84 0.4444444444434286 1 0
85 0.6666666666650021 1 0
86 0.8888888888865757 1 0
87 1.111111111108767 1 0
88 1.333333333331575 1 0
89 1.555555555554383 1 0
90 1.777777777777192 1 0
91 0.07407407407393883 1 0
92 0.1481481481478777 1 0
93 0.2962962962956872 1 0
94 0.3703703703695579 1 0
95 0.5185185185172865 1 0
96 0.5925925925911443 1 0
97 0.74074074073886 1 0
98 0.8148148148127179 1 0
99 0.9629629629606396 1 0
100 1.037037037034703 1 0
101 1.185185185183036 1 0
102 1.259259259257306 1 0
103 1.407407407405845 1 0
104 1.481481481480114 1 0
105 1.629629629628653 1 0
106 1.703703703702922 1 0
107 1.851851851851461 1 0
108 1.925925925925731 1 0
109 0.2222222222219643 0.8888888888884262 0
110 0.444444444443747 0.8888888888884264 0
111 0.6666666666654952 0.8888888888884264 0
112 0.8888888888872439 0.8888888888884262 0
113 1.111111111109404 0.8888888888884262 0
114 1.333333333331976 0.888888888888426 0
115 1.555555555554548 0.8888888888884262 0
116 1.777777777777154 0.8888888888884262 0
117 0.2222222222221121 0.7777777777779318 0
118 0.4444444444440654 0.7777777777779322 0
119 0.6666666666659886 0.777777777777932 0
120 0.8888888888879118 0.777777777777932 0
121 1.111111111110041 0.777777777777932 0
122 1.333333333332377 0.777777777777932 0
123 1.555555555554712 0.777777777777932 0
124 1.777777777777116 0.777777777777932 0
125 0.22222222222226 0.6666666666675918 0
126 0.4444444444443838 0.6666666666675918 0
127 0.666666666666482 0.6666666666675918 0
128 0.88888888888858 0.6666666666675918 0
129 1.111111111110679 0.6666666666675918 0
130 1.333333333332778 0.6666666666675918 0
131 1.555555555554877 0.6666666666675918 0
132 1.777777777777079 0.6666666666675918 0
133 0.2222222222224078 0.5555555555572513 0
134 0.4444444444447022 0.5555555555572513 0
135 0.6666666666669752 0.5555555555572513 0
136 0.8888888888892481 0.5555555555572513 0
137 1.111111111111316 0.5555555555572513 0
138 1.333333333333179 0.5555555555572513 0
139 1.555555555555042 0.5555555555572513 0
140 1.777777777777041 0.5555555555572513 0
141 0.2222222222225557 0.4444444444462944 0
142 0.4444444444450206 0.4444444444462942 0
143 0.6666666666674683 0.4444444444462943 0
144 0.8888888888899162 0.4444444444462943 0
145 1.111111111111954 0.4444444444462943 0
146 1.33333333333358 0.4444444444462943 0
147 1.555555555555206 0.4444444444462943 0
148 1.777777777777003 0.4444444444462943 0
149 0.2222222222227036 0.3333333333347207 0
150 0.444444444445339 0.3333333333347207 0
151 0.6666666666679617 0.3333333333347207 0
152 0.8888888888905844 0.3333333333347207 0
153 1.11111111111259 0.3333333333347207 0
154 1.333333333333981 0.3333333333347207 0
155 1.55555555555537 0.3333333333347207 0
156 1.777777777776966 0.3333333333347207 0
157 0.2222222222228514 0.2222222222231472 0
158 0.4444444444456575 0.2222222222231471 0
159 0.6666666666684549 0.2222222222231471 0
160 0.8888888888912523 0.2222222222231471 0
161 1.111111111113228 0.2222222222231471 0
162 1.333333333334382 0.2222222222231471 0
163 1.555555555555535 0.2222222222231471 0
164 1.777777777776928 0.2222222222231471 0
165 0.2222222222229993 0.1111111111115736 0
166 0.4444444444459759 0.1111111111115735 0
167 0.666666666668948 0.1111111111115736 0
168 0.8888888888919206 0.1111111111115736 0
169 1.111111111113865 0.1111111111115736 0
170 1.333333333334783 0.1111111111115736 0
171 1.5555555555557 0.1111111111115736 0
172 1.77777777777689 0.1111111111115736 0
173 0.0740740740739881 0.8888888888884263 0
174 0.1481481481479762 0.8888888888884263 0
175 0.2222222222219151 0.9259259259256176 0
176 0.2222222222218658 0.9629629629628087 0
177 0.07407407407395526 0.9629629629628088 0
178 0.07407407407397168 0.9259259259256176 0
179 0.1481481481479434 0.9259259259256175 0
180 0.1481481481479105 0.9629629629628088 0
181 0.2962962962958919 0.8888888888884263 0
182 0.3703703703698195 0.8888888888884263 0
183 0.4444444444436409 0.9259259259256176 0
184 0.4444444444435347 0.9629629629628088 0
185 0.2962962962957554 0.9629629629628088 0
186 0.2962962962958237 0.9259259259256176 0
187 0.3703703703697323 0.9259259259256176 0
188 0.3703703703696452 0.9629629629628088 0
189 0.5185185185176631 0.8888888888884265 0
190 0.5925925925915792 0.8888888888884264 0
191 0.6666666666653309 0.9259259259256176 0
192 0.6666666666651665 0.9629629629628088 0
193 0.518518518517412 0.9629629629628089 0
194 0.5185185185175376 0.9259259259256178 0
195 0.5925925925914343 0.9259259259256177 0
196 0.5925925925912894 0.9629629629628089 0
197 0.7407407407394115 0.8888888888884264 0
198 0.8148148148133276 0.8888888888884263 0
199 0.8888888888870212 0.9259259259256176 0
200 0.8888888888867985 0.9629629629628087 0
201 0.7407407407390438 0.9629629629628089 0
202 0.7407407407392277 0.9259259259256176 0
203 0.8148148148131245 0.9259259259256175 0
204 0.8148148148129213 0.9629629629628088 0
205 0.9629629629612974 0.8888888888884263 0
206 1.037037037035351 0.8888888888884263 0
207 1.111111111109192 0.9259259259256176 0
208 1.111111111108979 0.9629629629628087 0
209 0.9629629629608589 0.9629629629628088 0
210 0.9629629629610782 0.9259259259256176 0
211 1.037037037035135 0.9259259259256175 0
212 1.037037037034919 0.9629629629628088 0
213 1.185185185183595 0.8888888888884262 0
214 1.259259259257785 0.8888888888884261 0
215 1.333333333331842 0.9259259259256174 0
216 1.333333333331709 0.9629629629628087 0
217 1.185185185183223 0.9629629629628088 0
218 1.185185185183409 0.9259259259256176 0
219 1.259259259257626 0.9259259259256175 0
220 1.259259259257466 0.9629629629628088 0
221 1.407407407406167 0.8888888888884261 0
222 1.481481481480357 0.8888888888884261 0
223 1.555555555554493 0.9259259259256176 0
224 1.555555555554438 0.9629629629628087 0
225 1.407407407405952 0.9629629629628088 0
226 1.407407407406059 0.9259259259256174 0
227 1.481481481480276 0.9259259259256175 0
228 1.481481481480195 0.9629629629628088 0
229 1.62962962962875 0.8888888888884263 0
230 1.703703703702952 0.8888888888884263 0
231 1.777777777777167 0.9259259259256176 0
232 1.777777777777179 0.9629629629628087 0
233 1.629629629628685 0.9629629629628088 0
234 1.629629629628718 0.9259259259256176 0
235 1.703703703702942 0.9259259259256175 0
236 1.703703703702932 0.9629629629628088 0
237 1.851851851851436 0.8888888888884263 0
238 1.925925925925718 0.8888888888884263 0
239 1.851851851851453 0.9629629629628088 0
240 1.851851851851444 0.9259259259256176 0
241 1.925925925925722 0.9259259259256175 0
242 1.925925925925727 0.9629629629628088 0
243 0.07407407407403736 0.777777777777932 0
244 0.1481481481480747 0.7777777777779319 0
245 0.2222222222220628 0.8148148148147634 0
246 0.2222222222220136 0.8518518518515947 0
247 0.07407407407400453 0.8518518518515948 0
248 0.07407407407402095 0.8148148148147635 0
249 0.1481481481480419 0.8148148148147634 0
250 0.1481481481480091 0.8518518518515948 0
251 0.2962962962960966 0.777777777777932 0
252 0.370370370370081 0.777777777777932 0
253 0.4444444444439593 0.8148148148147636 0
254 0.4444444444438531 0.851851851851595 0
255 0.2962962962959601 0.851851851851595 0
256 0.2962962962960283 0.8148148148147635 0
257 0.3703703703699938 0.8148148148147636 0
258 0.3703703703699066 0.851851851851595 0
259 0.5185185185180399 0.7777777777779322 0
260 0.5925925925920142 0.777777777777932 0
261 0.6666666666658242 0.8148148148147636 0
262 0.6666666666656598 0.851851851851595 0
263 0.5185185185177887 0.8518518518515952 0
264 0.5185185185179143 0.8148148148147637 0
265 0.5925925925918694 0.8148148148147636 0
266 0.5925925925917241 0.8518518518515951 0
267 0.7407407407399631 0.777777777777932 0
268 0.8148148148139374 0.777777777777932 0
269 0.8888888888876892 0.8148148148147635 0
270 0.8888888888874665 0.8518518518515948 0
271 0.7407407407395954 0.8518518518515951 0
272 0.7407407407397793 0.8148148148147635 0
273 0.8148148148137343 0.8148148148147635 0
274 0.814814814813531 0.851851851851595 0
275 0.9629629629619549 0.777777777777932 0
276 1.037037037035998 0.777777777777932 0
277 1.111111111109829 0.8148148148147635 0
278 1.111111111109616 0.8518518518515948 0
279 0.9629629629615166 0.8518518518515948 0
280 0.9629629629617358 0.8148148148147635 0
281 1.037037037035782 0.8148148148147635 0
282 1.037037037035567 0.851851851851595 0
283 1.185185185184153 0.777777777777932 0
284 1.259259259258265 0.777777777777932 0
285 1.333333333332243 0.8148148148147634 0
286 1.33333333333211 0.8518518518515946 0
287 1.185185185183781 0.8518518518515948 0
288 1.185185185183967 0.8148148148147635 0
289 1.259259259258105 0.8148148148147635 0
290 1.259259259257946 0.8518518518515948 0
291 1.407407407406489 0.777777777777932 0
292 1.4814814814806 0.777777777777932 0
293 1.555555555554657 0.8148148148147635 0
294 1.555555555554603 0.8518518518515948 0
295 1.407407407406274 0.8518518518515948 0
296 1.407407407406381 0.8148148148147635 0
297 1.48148148148052 0.8148148148147635 0
298 1.481481481480439 0.8518518518515948 0
299 1.629629629628847 0.777777777777932 0
300 1.703703703702981 0.777777777777932 0
301 1.777777777777129 0.8148148148147635 0
302 1.777777777777141 0.8518518518515948 0
303 1.629629629628782 0.8518518518515948 0
304 1.629629629628815 0.8148148148147635 0
305 1.703703703702972 0.8148148148147635 0
306 1.703703703702962 0.851851851851595 0
307 1.851851851851411 0.777777777777932 0
308 1.925925925925705 0.777777777777932 0
309 1.851851851851428 0.8518518518515948 0
310 1.851851851851419 0.8148148148147635 0
311 1.92592592592571 0.8148148148147635 0
312 1.925925925925714 0.851851851851595 0
313 0.07407407407408667 0.6666666666675918 0
314 0.1481481481481733 0.6666666666675918 0
315 0.2222222222222107 0.7037037037043719 0
316 0.2222222222221614 0.7407407407411518 0
317 0.07407407407405381 0.7407407407411519 0
318 0.07407407407407024 0.703703703704372 0
319 0.1481481481481405 0.7037037037043719 0
320 0.1481481481481076 0.7407407407411519 0
321 0.2962962962963013 0.6666666666675918 0
322 0.3703703703703425 0.6666666666675918 0
323 0.4444444444442777 0.703703703704372 0
324 0.4444444444441715 0.740740740741152 0
325 0.2962962962961648 0.7407407407411519 0
326 0.2962962962962331 0.7037037037043719 0
327 0.3703703703702554 0.7037037037043719 0
328 0.3703703703701682 0.740740740741152 0
329 0.5185185185184166 0.6666666666675918 0
330 0.5925925925924492 0.6666666666675918 0
331 0.6666666666663176 0.7037037037043719 0
332 0.6666666666661532 0.7407407407411519 0
333 0.5185185185181654 0.7407407407411522 0
334 0.518518518518291 0.703703703704372 0
335 0.5925925925923044 0.703703703704372 0
336 0.5925925925921594 0.740740740741152 0
337 0.7407407407405147 0.6666666666675918 0
338 0.8148148148145473 0.6666666666675918 0
339 0.8888888888883573 0.7037037037043719 0
340 0.8888888888881346 0.7407407407411519 0
341 0.740740740740147 0.740740740741152 0
342 0.7407407407403308 0.703703703704372 0
343 0.8148148148143442 0.7037037037043719 0
344 0.8148148148141408 0.740740740741152 0
345 0.9629629629626131 0.6666666666675918 0
346 1.037037037036646 0.6666666666675918 0
347 1.111111111110466 0.7037037037043719 0
348 1.111111111110254 0.7407407407411519 0
349 0.9629629629621744 0.740740740741152 0
350 0.9629629629623937 0.703703703704372 0
351 1.03703703703643 0.7037037037043719 0
352 1.037037037036214 0.740740740741152 0
353 1.185185185184712 0.6666666666675918 0
354 1.259259259258745 0.6666666666675918 0
355 1.333333333332644 0.7037037037043719 0
356 1.333333333332511 0.7407407407411519 0
357 1.185185185184339 0.740740740741152 0
358 1.185185185184526 0.703703703704372 0
359 1.259259259258585 0.7037037037043719 0
360 1.259259259258425 0.740740740741152 0
361 1.407407407406811 0.6666666666675918 0
362 1.481481481480844 0.6666666666675918 0
363 1.555555555554822 0.7037037037043719 0
364 1.555555555554767 0.7407407407411519 0
365 1.407407407406596 0.740740740741152 0
366 1.407407407406704 0.703703703704372 0
367 1.481481481480763 0.7037037037043719 0
368 1.481481481480682 0.740740740741152 0
369 1.629629629628945 0.6666666666675918 0
370 1.703703703703012 0.6666666666675918 0
371 1.777777777777092 0.7037037037043719 0
372 1.777777777777104 0.7407407407411519 0
373 1.629629629628879 0.740740740741152 0
374 1.629629629628912 0.703703703704372 0
375 1.703703703703002 0.7037037037043719 0
376 1.703703703702992 0.740740740741152 0
377 1.851851851851386 0.6666666666675918 0
378 1.925925925925693 0.6666666666675918 0
379 1.851851851851402 0.740740740741152 0
380 1.851851851851394 0.703703703704372 0
381 1.925925925925697 0.7037037037043719 0
382 1.925925925925701 0.740740740741152 0
383 0.07407407407413594 0.5555555555572513 0
384 0.1481481481482719 0.5555555555572513 0
385 0.2222222222223586 0.5925925925940315 0
386 0.2222222222223093 0.6296296296308116 0
387 0.0740740740741031 0.6296296296308117 0
388 0.07407407407411951 0.5925925925940315 0
389 0.148148148148239 0.5925925925940315 0
390 0.1481481481482062 0.6296296296308117 0
391 0.296296296296506 0.5555555555572513 0
392 0.3703703703706041 0.5555555555572513 0
393 0.4444444444445961 0.5925925925940315 0
394 0.4444444444444899 0.6296296296308116 0
395 0.2962962962963696 0.6296296296308117 0
396 0.2962962962964377 0.5925925925940315 0
397 0.3703703703705169 0.5925925925940315 0
398 0.3703703703704298 0.6296296296308117 0
399 0.5185185185187933 0.5555555555572513 0
400 0.5925925925928842 0.5555555555572513 0
401 0.6666666666668109 0.5925925925940315 0
402 0.6666666666666463 0.6296296296308116 0
403 0.5185185185185421 0.6296296296308117 0
404 0.5185185185186677 0.5925925925940315 0
405 0.5925925925927393 0.5925925925940315 0
406 0.5925925925925943 0.6296296296308117 0
407 0.7407407407410662 0.5555555555572513 0
408 0.8148148148151571 0.5555555555572513 0
409 0.8888888888890254 0.5925925925940315 0
410 0.8888888888888027 0.6296296296308116 0
411 0.7407407407406985 0.6296296296308117 0
412 0.7407407407408824 0.5925925925940315 0
413 0.814814814814954 0.5925925925940315 0
414 0.8148148148147507 0.6296296296308117 0
415 0.9629629629632708 0.5555555555572513 0
416 1.037037037037293 0.5555555555572513 0
417 1.111111111111104 0.5925925925940315 0
418 1.111111111110891 0.6296296296308116 0
419 0.9629629629628322 0.6296296296308117 0
420 0.9629629629630517 0.5925925925940315 0
421 1.037037037037078 0.5925925925940315 0
422 1.037037037036862 0.6296296296308117 0
423 1.18518518518527 0.5555555555572513 0
424 1.259259259259225 0.5555555555572513 0
425 1.333333333333045 0.5925925925940315 0
426 1.333333333332912 0.6296296296308116 0
427 1.185185185184898 0.6296296296308117 0
428 1.185185185185085 0.5925925925940315 0
429 1.259259259259065 0.5925925925940315 0
430 1.259259259258905 0.6296296296308117 0
431 1.407407407407133 0.5555555555572513 0
432 1.481481481481088 0.5555555555572513 0
433 1.555555555554987 0.5925925925940315 0
434 1.555555555554932 0.6296296296308116 0
435 1.407407407406919 0.6296296296308117 0
436 1.407407407407026 0.5925925925940315 0
437 1.481481481481007 0.5925925925940315 0
438 1.481481481480925 0.6296296296308117 0
439 1.629629629629042 0.5555555555572513 0
440 1.703703703703041 0.5555555555572513 0
441 1.777777777777054 0.5925925925940315 0
442 1.777777777777066 0.6296296296308116 0
443 1.629629629628977 0.6296296296308117 0
444 1.629629629629009 0.5925925925940315 0
445 1.703703703703032 0.5925925925940315 0
446 1.703703703703022 0.6296296296308117 0
447 1.851851851851361 0.5555555555572513 0
448 1.925925925925681 0.5555555555572513 0
449 1.851851851851378 0.6296296296308117 0
450 1.851851851851369 0.5925925925940315 0
451 1.925925925925685 0.5925925925940315 0
452 1.925925925925689 0.6296296296308117 0
453 0.07407407407418523 0.4444444444462944 0
454 0.1481481481483705 0.4444444444462944 0
455 0.2222222222225064 0.4814814814832801 0
456 0.2222222222224571 0.5185185185202657 0
457 0.07407407407415237 0.5185185185202658 0
458 0.0740740740741688 0.48148148148328 0
459 0.1481481481483376 0.4814814814832801 0
460 0.1481481481483047 0.5185185185202658 0
461 0.2962962962967107 0.4444444444462944 0
462 0.3703703703708657 0.4444444444462943 0
463 0.4444444444449145 0.48148148148328 0
464 0.4444444444448084 0.5185185185202657 0
465 0.2962962962965742 0.5185185185202657 0
466 0.2962962962966425 0.48148148148328 0
467 0.3703703703707785 0.48148148148328 0
468 0.3703703703706913 0.5185185185202657 0
469 0.5185185185191699 0.4444444444462943 0
470 0.5925925925933191 0.4444444444462943 0
471 0.666666666667304 0.48148148148328 0
472 0.6666666666671396 0.5185185185202657 0
473 0.5185185185189188 0.5185185185202657 0
474 0.5185185185190444 0.48148148148328 0
475 0.5925925925931742 0.48148148148328 0
476 0.5925925925930291 0.5185185185202657 0
477 0.7407407407416177 0.4444444444462943 0
478 0.8148148148157669 0.4444444444462943 0
479 0.8888888888896935 0.48148148148328 0
480 0.8888888888894708 0.5185185185202657 0
481 0.74074074074125 0.5185185185202658 0
482 0.7407407407414339 0.48148148148328 0
483 0.8148148148155637 0.48148148148328 0
484 0.8148148148153604 0.5185185185202657 0
485 0.9629629629639289 0.4444444444462943 0
486 1.037037037037941 0.4444444444462943 0
487 1.111111111111742 0.48148148148328 0
488 1.111111111111529 0.5185185185202657 0
489 0.9629629629634904 0.5185185185202658 0
490 0.9629629629637095 0.48148148148328 0
491 1.037037037037726 0.48148148148328 0
492 1.03703703703751 0.5185185185202657 0
493 1.18518518518583 0.4444444444462943 0
494 1.259259259259705 0.4444444444462943 0
495 1.333333333333446 0.48148148148328 0
496 1.333333333333313 0.5185185185202657 0
497 1.185185185185457 0.5185185185202658 0
498 1.185185185185643 0.48148148148328 0
499 1.259259259259545 0.48148148148328 0
500 1.259259259259385 0.5185185185202657 0
501 1.407407407407455 0.4444444444462943 0
502 1.481481481481331 0.4444444444462943 0
503 1.555555555555152 0.48148148148328 0
504 1.555555555555097 0.5185185185202657 0
505 1.407407407407241 0.5185185185202658 0
506 1.407407407407348 0.48148148148328 0
507 1.48148148148125 0.48148148148328 0
508 1.481481481481169 0.5185185185202657 0
509 1.629629629629139 0.4444444444462943 0
510 1.703703703703071 0.4444444444462943 0
511 1.777777777777016 0.48148148148328 0
512 1.777777777777029 0.5185185185202657 0
513 1.629629629629074 0.5185185185202658 0
514 1.629629629629106 0.48148148148328 0
515 1.703703703703061 0.48148148148328 0
516 1.703703703703051 0.5185185185202657 0
517 1.851851851851336 0.4444444444462943 0
518 1.925925925925668 0.4444444444462943 0
519 1.851851851851352 0.5185185185202658 0
520 1.851851851851344 0.48148148148328 0
521 1.925925925925672 0.48148148148328 0
522 1.925925925925676 0.5185185185202657 0
523 0.07407407407423453 0.3333333333347207 0
524 0.1481481481484691 0.3333333333347207 0
525 0.2222222222226543 0.370370370371912 0
526 0.222222222222605 0.4074074074091031 0
527 0.07407407407420166 0.4074074074091032 0
528 0.07407407407421809 0.370370370371912 0
529 0.1481481481484362 0.370370370371912 0
530 0.1481481481484034 0.4074074074091032 0
531 0.2962962962969154 0.3333333333347207 0
532 0.3703703703711272 0.3333333333347207 0
533 0.4444444444452329 0.3703703703719119 0
534 0.4444444444451268 0.407407407409103 0
535 0.296296296296779 0.4074074074091031 0
536 0.2962962962968472 0.3703703703719119 0
537 0.3703703703710401 0.370370370371912 0
538 0.3703703703709529 0.4074074074091031 0
539 0.5185185185195466 0.3333333333347207 0
540 0.5925925925937541 0.3333333333347207 0
541 0.6666666666677973 0.3703703703719119 0
542 0.6666666666676329 0.4074074074091031 0
543 0.5185185185192954 0.4074074074091031 0
544 0.518518518519421 0.370370370371912 0
545 0.5925925925936092 0.3703703703719119 0
546 0.5925925925934642 0.4074074074091031 0
547 0.7407407407421693 0.3333333333347207 0
548 0.8148148148163767 0.3333333333347207 0
549 0.8888888888903617 0.3703703703719119 0
550 0.888888888890139 0.4074074074091031 0
551 0.7407407407418016 0.4074074074091032 0
552 0.7407407407419855 0.370370370371912 0
553 0.8148148148161736 0.3703703703719119 0
554 0.8148148148159704 0.4074074074091031 0
555 0.9629629629645863 0.3333333333347207 0
556 1.037037037038588 0.3333333333347207 0
557 1.111111111112378 0.3703703703719119 0
558 1.111111111112166 0.4074074074091031 0
559 0.9629629629641481 0.4074074074091032 0
560 0.9629629629643671 0.370370370371912 0
561 1.037037037038373 0.3703703703719119 0
562 1.037037037038157 0.4074074074091031 0
563 1.185185185186387 0.3333333333347207 0
564 1.259259259260184 0.3333333333347207 0
565 1.333333333333847 0.3703703703719119 0
566 1.333333333333714 0.4074074074091031 0
567 1.185185185186015 0.4074074074091032 0
568 1.185185185186201 0.370370370371912 0
569 1.259259259260024 0.3703703703719119 0
570 1.259259259259865 0.4074074074091031 0
571 1.407407407407777 0.3333333333347207 0
572 1.481481481481574 0.3333333333347207 0
573 1.555555555555316 0.3703703703719119 0
574 1.555555555555261 0.4074074074091031 0
575 1.407407407407563 0.4074074074091032 0
576 1.40740740740767 0.370370370371912 0
577 1.481481481481493 0.3703703703719119 0
578 1.481481481481412 0.4074074074091031 0
579 1.629629629629235 0.3333333333347207 0
580 1.703703703703101 0.3333333333347207 0
581 1.777777777776979 0.3703703703719119 0
582 1.777777777776991 0.4074074074091031 0
583 1.629629629629171 0.4074074074091032 0
584 1.629629629629203 0.370370370371912 0
585 1.703703703703091 0.3703703703719119 0
586 1.703703703703081 0.4074074074091031 0
587 1.851851851851311 0.3333333333347207 0
588 1.925925925925655 0.3333333333347207 0
589 1.851851851851327 0.4074074074091032 0
590 1.851851851851319 0.370370370371912 0
591 1.92592592592566 0.3703703703719119 0
592 1.925925925925664 0.4074074074091031 0
593 0.07407407407428379 0.2222222222231471 0
594 0.1481481481485676 0.2222222222231472 0
595 0.2222222222228021 0.2592592592603384 0
596 0.2222222222227528 0.2962962962975295 0
597 0.07407407407425096 0.2962962962975295 0
598 0.07407407407426739 0.2592592592603383 0
599 0.1481481481485348 0.2592592592603383 0
600 0.1481481481485019 0.2962962962975295 0
601 0.2962962962971201 0.2222222222231472 0
602 0.3703703703713888 0.2222222222231471 0
603 0.4444444444455513 0.2592592592603383 0
604 0.4444444444454452 0.2962962962975295 0
605 0.2962962962969837 0.2962962962975296 0
606 0.2962962962970519 0.2592592592603383 0
607 0.3703703703713017 0.2592592592603383 0
608 0.3703703703712145 0.2962962962975295 0
609 0.5185185185199233 0.2222222222231471 0
610 0.5925925925941891 0.2222222222231471 0
611 0.6666666666682906 0.2592592592603383 0
612 0.6666666666681261 0.2962962962975295 0
613 0.5185185185196721 0.2962962962975295 0
614 0.5185185185197978 0.2592592592603383 0
615 0.5925925925940442 0.2592592592603383 0
616 0.5925925925938992 0.2962962962975295 0
617 0.7407407407427207 0.2222222222231471 0
618 0.8148148148169865 0.2222222222231471 0
619 0.8888888888910298 0.2592592592603383 0
620 0.8888888888908071 0.2962962962975295 0
621 0.7407407407423532 0.2962962962975295 0
622 0.7407407407425369 0.2592592592603383 0
623 0.8148148148167833 0.2592592592603383 0
624 0.8148148148165801 0.2962962962975295 0
625 0.9629629629652443 0.2222222222231471 0
626 1.037037037039236 0.2222222222231471 0
627 1.111111111113015 0.2592592592603383 0
628 1.111111111112803 0.2962962962975295 0
629 0.9629629629648056 0.2962962962975295 0
630 0.9629629629650249 0.2592592592603383 0
631 1.03703703703902 0.2592592592603383 0
632 1.037037037038804 0.2962962962975295 0
633 1.185185185186946 0.2222222222231471 0
634 1.259259259260664 0.2222222222231471 0
635 1.333333333334248 0.2592592592603383 0
636 1.333333333334115 0.2962962962975295 0
637 1.185185185186573 0.2962962962975295 0
638 1.18518518518676 0.2592592592603383 0
639 1.259259259260504 0.2592592592603383 0
640 1.259259259260344 0.2962962962975295 0
641 1.4074074074081 0.2222222222231471 0
642 1.481481481481817 0.2222222222231471 0
643 1.55555555555548 0.2592592592603383 0
644 1.555555555555425 0.2962962962975295 0
645 1.407407407407885 0.2962962962975295 0
646 1.407407407407992 0.2592592592603383 0
647 1.481481481481736 0.2592592592603383 0
648 1.481481481481655 0.2962962962975295 0
649 1.629629629629333 0.2222222222231471 0
650 1.70370370370313 0.2222222222231471 0
651 1.777777777776941 0.2592592592603383 0
652 1.777777777776953 0.2962962962975295 0
653 1.629629629629268 0.2962962962975295 0
654 1.629629629629301 0.2592592592603383 0
655 1.703703703703121 0.2592592592603383 0
656 1.703703703703111 0.2962962962975295 0
657 1.851851851851285 0.2222222222231471 0
658 1.925925925925643 0.2222222222231471 0
659 1.851851851851303 0.2962962962975295 0
660 1.851851851851294 0.2592592592603383 0
661 1.925925925925647 0.2592592592603383 0
662 1.925925925925651 0.2962962962975295 0
663 0.0740740740743331 0.1111111111115736 0
664 0.1481481481486662 0.1111111111115736 0
665 0.22222222222295 0.1481481481487648 0
666 0.2222222222229007 0.185185185185956 0
667 0.07407407407430024 0.185185185185956 0
668 0.07407407407431668 0.1481481481487648 0
669 0.1481481481486334 0.1481481481487648 0
670 0.1481481481486005 0.185185185185956 0
671 0.2962962962973249 0.1111111111115736 0
672 0.3703703703716503 0.1111111111115735 0
673 0.4444444444458698 0.1481481481487647 0
674 0.4444444444457636 0.1851851851859559 0
675 0.2962962962971884 0.185185185185956 0
676 0.2962962962972566 0.1481481481487648 0
677 0.3703703703715632 0.1481481481487648 0
678 0.370370370371476 0.185185185185956 0
679 0.5185185185203 0.1111111111115735 0
680 0.5925925925946239 0.1111111111115736 0
681 0.6666666666687837 0.1481481481487648 0
682 0.6666666666686193 0.185185185185956 0
683 0.5185185185200489 0.1851851851859559 0
684 0.5185185185201745 0.1481481481487648 0
685 0.5925925925944791 0.1481481481487648 0
686 0.5925925925943341 0.185185185185956 0
687 0.7407407407432722 0.1111111111115736 0
688 0.8148148148175964 0.1111111111115736 0
689 0.8888888888916979 0.1481481481487648 0
690 0.8888888888914751 0.185185185185956 0
691 0.7407407407429046 0.185185185185956 0
692 0.7407407407430885 0.1481481481487648 0
693 0.8148148148173932 0.1481481481487648 0
694 0.8148148148171899 0.185185185185956 0
695 0.9629629629659021 0.1111111111115736 0
696 1.037037037039883 0.1111111111115736 0
697 1.111111111113653 0.1481481481487648 0
698 1.11111111111344 0.185185185185956 0
699 0.9629629629654635 0.185185185185956 0
700 0.9629629629656828 0.1481481481487648 0
701 1.037037037039668 0.1481481481487648 0
702 1.037037037039452 0.185185185185956 0
703 1.185185185187504 0.1111111111115736 0
704 1.259259259261144 0.1111111111115736 0
705 1.333333333334649 0.1481481481487648 0
706 1.333333333334516 0.185185185185956 0
707 1.185185185187132 0.185185185185956 0
708 1.185185185187319 0.1481481481487648 0
709 1.259259259260984 0.1481481481487648 0
710 1.259259259260824 0.185185185185956 0
711 1.407407407408422 0.1111111111115736 0
712 1.481481481482061 0.1111111111115736 0
713 1.555555555555645 0.1481481481487648 0
714 1.55555555555559 0.185185185185956 0
715 1.407407407408207 0.185185185185956 0
716 1.407407407408315 0.1481481481487648 0
717 1.48148148148198 0.1481481481487648 0
718 1.481481481481899 0.185185185185956 0
719 1.62962962962943 0.1111111111115736 0
720 1.70370370370316 0.1111111111115736 0
721 1.777777777776903 0.1481481481487648 0
722 1.777777777776915 0.185185185185956 0
723 1.629629629629365 0.185185185185956 0
724 1.629629629629398 0.1481481481487648 0
725 1.70370370370315 0.1481481481487648 0
726 1.70370370370314 0.185185185185956 0
727 1.85185185185126 0.1111111111115736 0
728 1.92592592592563 0.1111111111115736 0
729 1.851851851851277 0.185185185185956 0
730 1.851851851851269 0.1481481481487648 0
731 1.925925925925635 0.1481481481487648 0
732 1.925925925925639 0.185185185185956 0
733 0.2222222222230978 0.0370370370371912 0
734 0.2222222222230486 0.07407407407438239 0
735 0.07407407407434953 0.07407407407438241 0
736 0.07407407407436595 0.0370370370371912 0
737 0.1481481481487319 0.0370370370371912 0
738 0.1481481481486991 0.07407407407438241 0
739 0.4444444444461882 0.03703703703719116 0
740 0.444444444446082 0.07407407407438232 0
741 0.2962962962973931 0.07407407407438238 0
742 0.2962962962974613 0.03703703703719119 0
743 0.3703703703718248 0.03703703703719118 0
744 0.3703703703717376 0.07407407407438237 0
745 0.666666666669277 0.0370370370371912 0
746 0.6666666666691125 0.07407407407438239 0
747 0.5185185185204255 0.07407407407438237 0
748 0.5185185185205511 0.03703703703719118 0
749 0.592592592594914 0.03703703703719119 0
750 0.592592592594769 0.07407407407438238 0
751 0.8888888888923661 0.0370370370371912 0
752 0.8888888888921434 0.07407407407438239 0
753 0.7407407407434561 0.07407407407438241 0
754 0.7407407407436399 0.0370370370371912 0
755 0.814814814818003 0.0370370370371912 0
756 0.8148148148177998 0.07407407407438241 0
757 1.11111111111429 0.0370370370371912 0
758 1.111111111114078 0.07407407407438239 0
759 0.9629629629661214 0.07407407407438241 0
760 0.9629629629663408 0.0370370370371912 0
761 1.037037037040316 0.0370370370371912 0
762 1.0370370370401 0.07407407407438241 0
763 1.33333333333505 0.0370370370371912 0
764 1.333333333334917 0.07407407407438239 0
765 1.185185185187691 0.07407407407438241 0
766 1.185185185187877 0.0370370370371912 0
767 1.259259259261464 0.0370370370371912 0
768 1.259259259261304 0.07407407407438241 0
769 1.555555555555809 0.0370370370371912 0
770 1.555555555555755 0.07407407407438239 0
771 1.40740740740853 0.07407407407438241 0
772 1.407407407408637 0.0370370370371912 0
773 1.481481481482223 0.0370370370371912 0
774 1.481481481482142 0.07407407407438241 0
775 1.777777777776865 0.0370370370371912 0
776 1.777777777776877 0.07407407407438239 0
777 1.629629629629463 0.07407407407438241 0
778 1.629629629629495 0.0370370370371912 0
779 1.70370370370318 0.0370370370371912 0
780 1.70370370370317 0.07407407407438241 0
781 1.851851851851252 0.07407407407438241 0
782 1.851851851851243 0.0370370370371912 0
783 1.925925925925622 0.0370370370371912 0
784 1.925925925925626 0.07407407407438241 0